 Dimension       Time    Gflop/s       GB/s        Error
        20   0.597609   3.346697  53.547154 0.000000e+00
        60   0.181324  11.030844 176.493498 0.000000e+00
       100   0.068599  29.184099 466.945582 0.000000e+00
       140   0.055078  36.368984 581.903747 0.000000e+00
       180   0.076577  26.198469 419.175500 0.000000e+00
       220   0.066163  30.255852 484.093635 0.000000e+00
       260   0.051162  39.163359 626.613736 0.000000e+00
       300   0.048639  42.188367 675.013878 0.000000e+00
       340   0.059105  34.579274 553.268387 0.000000e+00
       380   0.086683  24.054811 384.876982 0.000000e+00
       420   0.060186  34.467722 551.483558 0.000000e+00
       460   0.059233  36.151888 578.430205 0.000000e+00
       500   0.058504  38.458909 615.342541 0.000000e+00
       540   0.055927  39.417736 630.683772 0.000000e+00
       580   0.058143  40.268578 644.297252 0.000000e+00
       620   0.056972  41.832259 669.316141 0.000000e+00
       660   0.063688  36.113165 577.810632 0.000000e+00
       700   0.061060  33.704553 539.272846 0.000000e+00
       740   0.093523  25.997173 415.954766 0.000000e+00
       780   0.072355  39.351810 629.628956 0.000000e+00
       820   0.061878  35.642033 570.272535 0.000000e+00
       860   0.067952  37.441433 599.062928 0.000000e+00
       900   0.092919  31.382273 502.116366 0.000000e+00
       940   0.086243  38.522830 616.365283 0.000000e+00
       980   0.103399  36.410242 582.563865 0.000000e+00
      1020   0.064003  33.161040 530.576642 0.000000e+00
      1060   0.058789  40.518259 648.292149 0.000000e+00
      1100   0.072321  36.808119 588.929910 0.000000e+00
      1140   0.074216  39.925191 638.803061 0.000000e+00
      1180   0.092131  35.667377 570.678036 0.000000e+00
      1220   0.100239  36.230369 579.685911 0.000000e+00
      1260   0.127593  31.355551 501.688822 0.000000e+00
      1300   0.127043  34.586688 553.387000 0.000000e+00
      1340   0.126688  37.984598 607.753575 0.000000e+00
      1380   0.135774  38.712335 619.397353 0.000000e+00
      1420   0.154166  37.145567 594.329066 0.000000e+00
      1460   0.185755  33.508019 536.128303 0.000000e+00
      1500   0.185981  36.293971 580.703544 0.000000e+00
      1540   0.213614  34.194923 547.118771 0.000000e+00
      1580   0.211109  37.367469 597.879507 0.000000e+00
      1620   0.250655  33.923372 542.773950 0.000000e+00
      1660   0.272048  33.628558 538.056926 0.000000e+00
      1700   0.279072  35.209602 563.353634 0.000000e+00
      1740   0.298815  35.259458 564.151334 0.000000e+00
      1780   0.332657  33.907341 542.517448 0.000000e+00
      1820   0.343545  35.096194 561.539104 0.000000e+00
      1860   0.376524  34.180323 546.885171 0.000000e+00
      1900   0.408707  33.564363 537.029801 0.000000e+00
      1940   0.440174  33.174975 530.799597 0.000000e+00
      1980   0.454980  34.121942 545.951068 0.000000e+00
