 Dimension       Time    Gflop/s       GB/s        Error
        24   0.450136   4.443102  71.089631 0.000000e+00
        72   0.094378  21.197902 339.166440 0.000000e+00
       120   0.069216  28.909680 462.554886 0.000000e+00
       168   0.055200  36.249696 579.995132 0.000000e+00
       216   0.072077  27.963888 447.422214 0.000000e+00
       264   0.062100  32.592244 521.475906 0.000000e+00
       312   0.049821  40.233949 643.743186 0.000000e+00
       360   0.042761  48.008194 768.131111 0.000000e+00
       408   0.053357  38.186686 610.986974 0.000000e+00
       456   0.053436  39.037614 624.601827 0.000000e+00
       504   0.052600  38.942607 623.081712 0.000000e+00
       552   0.047526  42.468797 679.500749 0.000000e+00
       600   0.060375  35.776279 572.420464 0.000000e+00
       648   0.052445  41.506320 664.101116 0.000000e+00
       696   0.084679  23.889290 382.228645 0.000000e+00
       744   0.065787  37.560494 600.967903 0.000000e+00
       792   0.075283  39.594256 633.508094 0.000000e+00
       840   0.057342  41.344904 661.518458 0.000000e+00
       888   0.063250  44.283345 708.533520 0.000000e+00
       936   0.078092  42.003227 672.051637 0.000000e+00
       984   0.099743  38.208638 611.338204 0.000000e+00
      1032   0.056636  38.813143 621.010292 0.000000e+00
      1080   0.062075  40.586839 649.389431 0.000000e+00
      1128   0.075055  38.245417 611.926673 0.000000e+00
      1176   0.078610  41.378655 662.058487 0.000000e+00
      1224   0.090950  40.324604 645.193667 0.000000e+00
      1272   0.099311  41.447125 663.154002 0.000000e+00
      1320   0.113877  40.393899 646.302379 0.000000e+00
      1368   0.146020  35.065170 561.042713 0.000000e+00
      1416   0.160411  35.398517 566.376272 0.000000e+00
      1464   0.166928  37.594408 601.510535 0.000000e+00
      1512   0.165230  41.840360 669.445764 0.000000e+00
      1560   0.202004  37.587458 601.399336 0.000000e+00
      1608   0.224226  37.085348 593.365560 0.000000e+00
      1656   0.241830  37.557936 600.926973 0.000000e+00
      1704   0.244567  40.461351 647.381613 0.000000e+00
      1752   0.282356  38.092186 609.474975 0.000000e+00
      1800   0.310387  37.578942 601.263070 0.000000e+00
      1848   0.351929  35.865857 573.853710 0.000000e+00
      1896   0.380444  35.830596 573.289529 0.000000e+00
      1944   0.418444  35.114108 561.825727 0.000000e+00
      1992   0.439019  36.009284 576.148541 0.000000e+00
