 Dimension       Time    Gflop/s       GB/s        Error
        32   0.268809   7.440344 119.045500 0.000000e+00
        64   0.190778  10.484249 167.747976 0.000000e+00
        96   0.093800  21.335486 341.367772 0.000000e+00
       128   0.191905  10.425372 166.805944 0.000000e+00
       160   0.059612  33.668163 538.690608 0.000000e+00
       192   0.061019  32.942475 527.079604 0.000000e+00
       224   0.040256  49.697003 795.152052 0.000000e+00
       256   0.048558  41.461482 663.383715 0.000000e+00
       288   0.055296  36.288263 580.612200 0.000000e+00
       320   0.055742  36.446707 583.147316 0.000000e+00
       352   0.051434  39.006445 624.103113 0.000000e+00
       384   0.054900  37.130040 594.080632 0.000000e+00
       416   0.058579  34.410903 550.574448 0.000000e+00
       448   0.051342  42.031596 672.505542 0.000000e+00
       480   0.058862  37.576513 601.224213 0.000000e+00
       512   0.057361  37.438109 599.009750 0.000000e+00
       544   0.064456  34.966971 559.471538 0.000000e+00
       576   0.058374  39.285157 628.562520 0.000000e+00
       608   0.053929  41.676147 666.818358 0.000000e+00
       640   0.067779  30.940892 495.054272 0.000000e+00
       672   0.055666  43.612415 697.798633 0.000000e+00
       704   0.048263  43.376810 694.028965 0.000000e+00
       736   0.047250  50.627509 810.040140 0.000000e+00
       768   0.065760  41.330419 661.286698 0.000000e+00
       800   0.047845  42.805070 684.881116 0.000000e+00
       832   0.053908  42.734553 683.752851 0.000000e+00
       864   0.061714  41.803834 668.861345 0.000000e+00
       896   0.071914  40.010019 640.160312 0.000000e+00
       928   0.081317  39.311864 628.989829 0.000000e+00
       960   0.086411  40.954644 655.274299 0.000000e+00
       992   0.081341  48.004774 768.076390 0.000000e+00
      1024   0.063174  33.993102 543.889638 0.000000e+00
      1056   0.058525  40.242071 643.873143 0.000000e+00
      1088   0.060862  42.322765 677.164235 0.000000e+00
      1120   0.062896  44.674922 714.798746 0.000000e+00
      1152   0.086060  35.529130 568.466085 0.000000e+00
      1184   0.077283  42.953866 687.261850 0.000000e+00
      1216   0.086058  41.786883 668.590127 0.000000e+00
      1248   0.083142  46.757491 748.119849 0.000000e+00
      1280   0.106960  39.213799 627.420781 0.000000e+00
      1312   0.102942  43.877071 702.033144 0.000000e+00
      1344   0.124681  38.942707 623.083304 0.000000e+00
      1376   0.122462  42.548574 680.777190 0.000000e+00
      1408   0.156510  35.669360 570.709756 0.000000e+00
      1440   0.137006  43.589226 697.427609 0.000000e+00
      1472   0.152607  41.800231 668.803703 0.000000e+00
      1504   0.159718  42.600905 681.614480 0.000000e+00
      1536   0.221453  32.728241 523.651854 0.000000e+00
      1568   0.197531  39.033029 624.528456 0.000000e+00
      1600   0.232238  35.274189 564.387021 0.000000e+00
      1632   0.233628  37.210537 595.368595 0.000000e+00
      1664   0.257405  35.799242 572.787866 0.000000e+00
      1696   0.245347  39.767298 636.276762 0.000000e+00
      1728   0.259252  39.805196 636.883133 0.000000e+00
      1760   0.268702  40.578649 649.258386 0.000000e+00
      1792   0.346717  33.194748 531.115969 0.000000e+00
      1824   0.320625  37.853558 605.656931 0.000000e+00
      1856   0.358241  35.693428 571.094847 0.000000e+00
      1888   0.373991  35.989465 575.831446 0.000000e+00
      1920   0.404274  35.015293 560.244685 0.000000e+00
      1952   0.384219  38.716010 619.456167 0.000000e+00
      1984   0.437234  35.722461 571.559376 0.000000e+00
