 Dimension       Time    Gflop/s       GB/s        Error
        36   0.999770   2.000509  32.008146 0.000000e+00
        72   0.114378  17.491192 279.859068 0.000000e+00
       108   0.061038  32.773290 524.372647 0.000000e+00
       144   0.057944  34.526719 552.427498 0.000000e+00
       180   0.052882  37.937661 607.002574 0.000000e+00
       216   0.047811  42.156038 674.496610 0.000000e+00
       252   0.037698  53.488259 855.812151 0.000000e+00
       288   0.037044  54.167656 866.682503 0.000000e+00
       324   0.048990  41.656548 666.504762 0.000000e+00
       360   0.049305  41.636105 666.177682 0.000000e+00
       396   0.047369  44.573306 713.172889 0.000000e+00
       432   0.048243  43.449960 695.199361 0.000000e+00
       468   0.045889  44.674813 714.797014 0.000000e+00
       504   0.042008  48.762016 780.192259 0.000000e+00
       540   0.047402  46.506588 744.105414 0.000000e+00
       576   0.050570  45.348109 725.569737 0.000000e+00
       612   0.054073  42.391092 678.257472 0.000000e+00
       648   0.050270  43.301558 692.824936 0.000000e+00
       684   0.062460  40.987895 655.806323 0.000000e+00
       720   0.045077  49.681500 794.903997 0.000000e+00
       756   0.056981  45.497399 727.958385 0.000000e+00
       792   0.063927  46.627682 746.042919 0.000000e+00
       828   0.060840  37.321733 597.147721 0.000000e+00
       864   0.051207  50.381395 806.102322 0.000000e+00
       900   0.061832  47.160199 754.563186 0.000000e+00
       936   0.072695  45.121507 721.944109 0.000000e+00
       972   0.078191  46.979111 751.665779 0.000000e+00
      1008   0.044120  46.427584 742.841350 0.000000e+00
      1044   0.042920  53.023666 848.378663 0.000000e+00
      1080   0.052462  48.023514 768.376224 0.000000e+00
      1116   0.060670  45.819012 733.104194 0.000000e+00
      1152   0.067810  45.091131 721.458093 0.000000e+00
      1188   0.068720  48.797697 780.763153 0.000000e+00
      1224   0.074066  49.516917 792.270676 0.000000e+00
      1260   0.084732  47.216820 755.469123 0.000000e+00
      1296   0.091804  47.422437 758.758993 0.000000e+00
      1332   0.117771  40.133180 642.130876 0.000000e+00
      1368   0.133405  38.380904 614.094470 0.000000e+00
      1404   0.118523  46.701309 747.220937 0.000000e+00
      1440   0.143225  41.696379 667.142058 0.000000e+00
      1476   0.156298  41.146839 658.349430 0.000000e+00
      1512   0.164047  42.142265 674.276235 0.000000e+00
      1548   0.176768  41.970143 671.522282 0.000000e+00
      1584   0.185180  42.924055 686.784882 0.000000e+00
      1620   0.199261  42.673064 682.769018 0.000000e+00
      1656   0.225473  40.282521 644.520336 0.000000e+00
      1692   0.218799  44.277729 708.443671 0.000000e+00
      1728   0.257653  40.052135 640.834157 0.000000e+00
      1764   0.268860  40.831835 653.309360 0.000000e+00
      1800   0.294946  39.546182 632.738909 0.000000e+00
      1836   0.300164  41.237169 659.794705 0.000000e+00
      1872   0.325594  40.296804 644.748863 0.000000e+00
      1908   0.329432  42.169533 674.712536 0.000000e+00
      1944   0.378725  38.796661 620.746568 0.000000e+00
      1980   0.379430  40.916058 654.656929 0.000000e+00
