 Dimension       Time    Gflop/s       GB/s        Error
        44   0.190442  10.502495 168.039917 0.000000e+00
        88   0.095577  20.933991 334.943858 0.000000e+00
       132   0.069472  28.802695 460.843114 0.000000e+00
       176   0.062492  32.104423 513.670773 0.000000e+00
       220   0.060195  33.255542 532.088672 0.000000e+00
       264   0.257913   7.847495 125.559925 0.000000e+00
       308   0.055611  36.777984 588.447749 0.000000e+00
       352   0.035245  56.922908 910.766520 0.000000e+00
       396   0.050245  42.021925 672.350804 0.000000e+00
       440   0.054724  37.358741 597.739854 0.000000e+00
       484   0.042945  47.521918 760.350688 0.000000e+00
       528   0.047372  43.501886 696.030171 0.000000e+00
       572   0.051828  43.331950 693.311201 0.000000e+00
       616   0.052918  44.171234 706.739749 0.000000e+00
       660   0.052775  43.580552 697.288835 0.000000e+00
       704   0.049467  42.320523 677.128360 0.000000e+00
       748   0.065009  38.626548 618.024770 0.000000e+00
       792   0.070703  42.158810 674.540953 0.000000e+00
       836   0.064387  36.297658 580.762535 0.000000e+00
       880   0.066922  40.732254 651.716070 0.000000e+00
       924   0.103384  30.522615 488.361834 0.000000e+00
       968   0.079770  45.482781 727.724503 0.000000e+00
      1012   0.044127  46.974611 751.593778 0.000000e+00
      1056   0.049235  47.835321 765.365131 0.000000e+00
      1100   0.062408  42.654719 682.475512 0.000000e+00
      1144   0.076213  39.289676 628.634808 0.000000e+00
      1188   0.083525  40.147948 642.367168 0.000000e+00
      1232   0.095089  39.330549 629.288789 0.000000e+00
      1276   0.095161  43.663996 698.623935 0.000000e+00
      1320   0.114102  40.314139 645.026226 0.000000e+00
      1364   0.172478  29.426502 470.824036 0.000000e+00
      1408   0.140964  39.603067 633.649073 0.000000e+00
      1452   0.149022  41.084692 657.355079 0.000000e+00
      1496   0.163419  40.975233 655.603726 0.000000e+00
      1540   0.204553  35.709761 571.356174 0.000000e+00
      1584   0.199466  39.849846 637.597538 0.000000e+00
      1628   0.211387  40.823863 653.181812 0.000000e+00
      1672   0.250180  37.366842 597.869478 0.000000e+00
      1716   0.258445  39.103403 625.654445 0.000000e+00
      1760   0.269837  40.407920 646.526725 0.000000e+00
      1804   0.331435  35.427569 566.841111 0.000000e+00
      1848   0.324481  38.899709 622.395350 0.000000e+00
      1892   0.341066  39.715013 635.440208 0.000000e+00
      1936   0.360240  40.285975 644.575601 0.000000e+00
      1980   0.415775  37.339415 597.430637 0.000000e+00
