 Dimension       Time    Gflop/s       GB/s        Error
         4  41.942307   0.047685   0.762953 0.000000e+00
        52   0.191609  10.437982 167.007715 0.000000e+00
       100   0.162544  12.316695 197.067125 0.000000e+00
       148   0.146100  13.712751 219.404018 0.000000e+00
       196   0.156345  12.810510 204.968155 0.000000e+00
       244   0.145264  13.800327 220.805229 0.000000e+00
       292   0.141204  14.458239 231.331828 0.000000e+00
       340   0.150948  13.539797 216.636754 0.000000e+00
       388   0.143527  14.650923 234.414764 0.000000e+00
       436   0.157972  13.641187 218.258985 0.000000e+00
       484   0.145588  14.017911 224.286581 0.000000e+00
       532   0.163047  12.928535 206.856563 0.000000e+00
       580   0.164100  14.267814 228.285024 0.000000e+00
       628   0.176739  14.013521 224.216339 0.000000e+00
       676   0.167956  14.714111 235.425780 0.000000e+00
       724   0.158264  14.387464 230.199430 0.000000e+00
       772   0.233332  11.831181 189.298898 0.000000e+00
       820   0.151891  14.520078 232.321240 0.000000e+00
       868   0.183662  14.242939 227.887028 0.000000e+00
       916   0.216408  14.206016 227.296255 0.000000e+00
       964   0.246782  14.520374 232.325977 0.000000e+00
      1012   0.144215  14.373482 229.975719 0.000000e+00
      1060   0.163939  14.530016 232.480262 0.000000e+00
      1108   0.196366  13.854221 221.667530 0.000000e+00
      1156   0.230269  13.417372 214.677950 0.000000e+00
      1204   0.253454  13.772443 220.359092 0.000000e+00
      1252   0.272607  14.398110 230.369767 0.000000e+00
      1300   0.310484  14.152121 226.433933 0.000000e+00
      1348   0.357862  13.689378 219.030052 0.000000e+00
      1396   0.400332  13.591468 217.463494 0.000000e+00
      1444   0.457764  13.154978 210.479650 0.000000e+00
      1492   0.485709  13.676033 218.816526 0.000000e+00
      1540   0.527825  13.838925 221.422805 0.000000e+00
      1588   0.589769  13.579988 217.279816 0.000000e+00
      1636   0.641506  13.651460 218.423361 0.000000e+00
      1684   0.683025  13.983613 223.737811 0.000000e+00
      1732   0.739995  14.042516 224.680258 0.000000e+00
      1780   0.842415  13.389483 214.231728 0.000000e+00
      1828   0.894333  13.660271 218.564335 0.000000e+00
      1876   1.010899  13.062332 208.997318 0.000000e+00
      1924   1.073899  13.264221 212.227542 0.000000e+00
      1972   1.133849  13.526814 216.429018 0.000000e+00
