 Dimension       Time    Gflop/s       GB/s        Error
        48   0.432466   4.625023  74.000363 0.000000e+00
        96   0.893766   2.239146  35.826337 0.000000e+00
       144   0.095428  20.964594 335.433505 0.000000e+00
       192   0.061459  32.706898 523.310376 0.000000e+00
       240   0.051492  39.196838 627.149413 0.000000e+00
       288   0.045181  44.412158 710.594520 0.000000e+00
       336   0.037573  54.518054 872.288859 0.000000e+00
       384   0.045526  44.775505 716.408085 0.000000e+00
       432   0.054580  38.405291 614.484652 0.000000e+00
       480   0.060387  36.628054 586.048869 0.000000e+00
       528   0.045938  44.859938 717.759002 0.000000e+00
       576   0.053355  42.980548 687.688761 0.000000e+00
       624   0.057282  42.416575 678.665197 0.000000e+00
       672   0.079598  30.499821 487.997132 0.000000e+00
       720   0.044985  49.783216 796.531451 0.000000e+00
       768   0.059364  45.783714 732.539428 0.000000e+00
       816   0.048296  45.001076 720.017222 0.000000e+00
       864   0.061978  41.625902 666.014438 0.000000e+00
       912   0.071605  42.374461 677.991380 0.000000e+00
       960   0.081527  43.408139 694.530218 0.000000e+00
      1008   0.044448  46.085391 737.366256 0.000000e+00
      1056   0.045992  51.208527 819.336439 0.000000e+00
      1104   0.062765  42.876877 686.030027 0.000000e+00
      1152   0.069679  43.882099 702.113585 0.000000e+00
      1200   0.073754  46.858730 749.739674 0.000000e+00
      1248   0.091690  42.398764 678.380230 0.000000e+00
      1296   0.100480  43.327846 693.245542 0.000000e+00
      1344   0.115237  42.134417 674.150672 0.000000e+00
      1392   0.104794  51.477015 823.632241 0.000000e+00
      1440   0.128527  46.464624 743.433981 0.000000e+00
      1488   0.148913  44.249336 707.989378 0.000000e+00
      1536   0.187163  38.724265 619.588236 0.000000e+00
      1584   0.191697  41.464839 663.437426 0.000000e+00
      1632   0.207359  41.924550 670.792796 0.000000e+00
      1680   0.228282  41.541919 664.670701 0.000000e+00
      1728   0.228095  45.242460 723.879352 0.000000e+00
      1776   0.273616  40.946617 655.145870 0.000000e+00
      1824   0.284544  42.653508 682.456136 0.000000e+00
      1872   0.292565  44.846088 717.537409 0.000000e+00
      1920   0.333221  42.481670 679.706717 0.000000e+00
      1968   0.362237  42.083571 673.337143 0.000000e+00
