 Dimension       Time    Gflop/s       GB/s        Error
        64   0.752637   2.657536  42.520573 0.000000e+00
       128   1.943447   1.029451  16.471215 0.000000e+00
       192   0.085005  23.646998 378.351974 0.000000e+00
       256   0.071877  28.009721 448.155536 0.000000e+00
       320   0.058590  34.675251 554.804010 0.000000e+00
       384   0.053397  38.175238 610.803812 0.000000e+00
       448   0.063145  34.174772 546.796355 0.000000e+00
       512   0.050056  42.901280 686.420485 0.000000e+00
       576   0.071772  31.951721 511.227533 0.000000e+00
       640   0.057485  36.481472 583.703549 0.000000e+00
       704   0.051881  40.351845 645.629526 0.000000e+00
       768   0.074435  36.513710 584.219367 0.000000e+00
       832   0.051815  44.460599 711.369578 0.000000e+00
       896   0.068353  42.094728 673.515653 0.000000e+00
       960   0.084815  41.725597 667.609554 0.000000e+00
      1024   0.078416  27.385924 438.174781 0.000000e+00
      1088   0.062636  41.123746 657.979933 0.000000e+00
      1152   0.076022  40.220351 643.525617 0.000000e+00
      1216   0.087614  41.044946 656.719139 0.000000e+00
      1280   0.100583  41.699888 667.198207 0.000000e+00
      1344   0.121767  39.874770 637.996326 0.000000e+00
      1408   0.123564  45.179867 722.877870 0.000000e+00
      1472   0.149994  42.528505 680.456082 0.000000e+00
      1536   0.277660  26.102975 417.647603 0.000000e+00
      1600   0.212587  38.534739 616.555826 0.000000e+00
      1664   0.233341  39.491087 631.857399 0.000000e+00
      1728   0.265040  38.935803 622.972842 0.000000e+00
      1792   0.306525  37.547309 600.756947 0.000000e+00
      1856   0.304980  41.926867 670.829869 0.000000e+00
      1920   0.331242  42.735489 683.767823 0.000000e+00
      1984   0.373750  41.790104 668.641660 0.000000e+00
