 Dimension       Time    Gflop/s       GB/s        Error
         8   5.839009   0.342524   5.480385 0.000000e+00
        56   0.152169  13.145048 210.320774 0.000000e+00
       104   0.162565  12.302806 196.844903 0.000000e+00
       152   0.147186  13.599988 217.599809 0.000000e+00
       200   0.216723   9.302201 148.835218 0.000000e+00
       248   0.182623  11.024846 176.397543 0.000000e+00
       296   0.132338  15.285683 244.570923 0.000000e+00
       344   0.138578  14.687575 235.001203 0.000000e+00
       392   0.132920  15.408018 246.528293 0.000000e+00
       440   0.134913  15.153577 242.457226 0.000000e+00
       488   0.142478  14.681975 234.911592 0.000000e+00
       536   0.143083  15.067284 241.076544 0.000000e+00
       584   0.152606  15.662055 250.592882 0.000000e+00
       632   0.127139  15.884156 254.146493 0.000000e+00
       680   0.161661  15.560096 248.961535 0.000000e+00
       728   0.149742  15.459714 247.355432 0.000000e+00
       776   0.197262  14.213236 227.411784 0.000000e+00
       824   0.145582  15.372147 245.954359 0.000000e+00
       872   0.170749  15.532873 248.525965 0.000000e+00
       920   0.204486  15.232104 243.713663 0.000000e+00
       968   0.246518  14.717591 235.481452 0.000000e+00
      1016   0.134916  15.547073 248.753163 0.000000e+00
      1064   0.165880  14.523142 232.370276 0.000000e+00
      1112   0.184649  14.893489 238.295828 0.000000e+00
      1160   0.217510  14.352380 229.638086 0.000000e+00
      1208   0.234526  15.032784 240.524552 0.000000e+00
      1256   0.268403  14.764266 236.228262 0.000000e+00
      1304   0.314794  14.087600 225.401601 0.000000e+00
      1352   0.337132  14.660877 234.574040 0.000000e+00
      1400   0.393031  13.963261 223.412175 0.000000e+00
      1448   0.420680  14.433911 230.942576 0.000000e+00
      1496   0.467048  14.337164 229.394627 0.000000e+00
      1544   0.517928  14.213540 227.416633 0.000000e+00
      1592   0.561153  14.380640 230.090236 0.000000e+00
      1640   0.629282  14.018978 224.303655 0.000000e+00
      1688   0.693101  13.878768 222.060291 0.000000e+00
      1736   0.726705  14.398617 230.377867 0.000000e+00
      1784   0.806610  14.078320 225.253122 0.000000e+00
      1832   0.879478  13.982386 223.718170 0.000000e+00
      1880   0.964145  13.783558 220.536921 0.000000e+00
      1928   1.020493  14.045620 224.729926 0.000000e+00
      1976   1.124081  13.727558 219.640928 0.000000e+00
