 Dimension       Time    Gflop/s       GB/s        Error
        16   0.137444  14.551446 232.823130 0.000000e+00
        64   0.119788  16.697558 267.160927 0.000000e+00
       112   0.122279  16.361155 261.778477 0.000000e+00
       160   0.137441  14.602942 233.647068 0.000000e+00
       208   0.128465  15.691118 251.057882 0.000000e+00
       256   0.182405  11.037309 176.596949 0.000000e+00
       304   0.125965  16.058402 256.934430 0.000000e+00
       352   0.129383  15.506351 248.101617 0.000000e+00
       400   0.129692  15.791235 252.659759 0.000000e+00
       448   0.149942  14.392076 230.273210 0.000000e+00
       496   0.142982  15.361601 245.785610 0.000000e+00
       544   0.150841  14.941923 239.070762 0.000000e+00
       592   0.146343  14.177298 226.836765 0.000000e+00
       640   0.147111  14.255585 228.089367 0.000000e+00
       688   0.177767  14.655652 234.490427 0.000000e+00
       736   0.162659  14.706426 235.302809 0.000000e+00
       784   0.196028  14.749629 235.994070 0.000000e+00
       832   0.171048  13.468283 215.492523 0.000000e+00
       880   0.190022  14.345156 229.522491 0.000000e+00
       928   0.220690  14.485112 231.761791 0.000000e+00
       976   0.242051  15.363926 245.822815 0.000000e+00
      1024   0.239067   8.982784 143.724545 0.000000e+00
      1072   0.167625  14.698612 235.177799 0.000000e+00
      1120   0.195022  14.407915 230.526634 0.000000e+00
      1168   0.231096  13.790088 220.641407 0.000000e+00
      1216   0.268835  13.376589 214.025430 0.000000e+00
      1264   0.275881  14.640276 234.244418 0.000000e+00
      1312   0.314019  14.383883 230.142121 0.000000e+00
      1360   0.373811  13.458448 215.335174 0.000000e+00
      1408   0.426805  13.080015 209.280248 0.000000e+00
      1456   0.446128  13.837414 221.398622 0.000000e+00
      1504   0.495682  13.726839 219.629420 0.000000e+00
      1552   0.514995  14.517844 232.285509 0.000000e+00
      1600   0.616625  13.285216 212.563448 0.000000e+00
      1648   0.630505  14.197548 227.160775 0.000000e+00
      1696   0.692758  14.083993 225.343889 0.000000e+00
      1744   0.787725  13.467746 215.483937 0.000000e+00
      1792   1.080495  10.651753 170.428049 0.000000e+00
      1840   0.924198  13.480883 215.694131 0.000000e+00
      1888   1.060919  12.686843 202.989492 0.000000e+00
      1936   1.035701  14.012369 224.197909 0.000000e+00
      1984   1.239593  12.600156 201.602495 0.000000e+00
