 Dimension       Time    Gflop/s       GB/s        Error
        12   0.210100   9.519286 152.308575 0.000000e+00
        60   0.218266   9.163868 146.621896 0.000000e+00
       108   0.216148   9.254888 148.078201 0.000000e+00
       156   0.220574   9.087704 145.403268 0.000000e+00
       204   0.313603   6.388848 102.221572 0.000000e+00
       252   0.316956   6.361692 101.787073 0.000000e+00
       300   0.257438   7.970854 127.533669 0.000000e+00
       348   0.240941   8.395909 134.334543 0.000000e+00
       396   0.252715   8.354747 133.675946 0.000000e+00
       444   0.273100   7.691997 123.071947 0.000000e+00
       492   0.272635   7.862974 125.807585 0.000000e+00
       540   0.259611   8.491532 135.864514 0.000000e+00
       588   0.229377   8.863039 141.808630 0.000000e+00
       636   0.275570   7.468437 119.494990 0.000000e+00
       684   0.338567   7.561593 120.985484 0.000000e+00
       732   0.314276   7.488131 119.810091 0.000000e+00
       780   0.350837   8.115767 129.852265 0.000000e+00
       828   0.294362   7.713824 123.421176 0.000000e+00
       876   0.362061   7.426611 118.825778 0.000000e+00
       924   0.389518   8.101182 129.618907 0.000000e+00
       972   0.485081   7.572587 121.161387 0.000000e+00
      1020   0.277678   7.643446 122.295134 0.000000e+00
      1068   0.277470   8.780678 140.490842 0.000000e+00
      1116   0.350588   7.929139 126.866223 0.000000e+00
      1164   0.400078   7.883965 126.143444 0.000000e+00
      1212   0.450842   7.897941 126.367052 0.000000e+00
      1260   0.530859   7.536370 120.581917 0.000000e+00
      1308   0.572718   7.814699 125.035181 0.000000e+00
      1356   0.632344   7.885985 126.175757 0.000000e+00
      1404   0.674581   8.205358 131.285729 0.000000e+00
      1452   0.783653   7.812790 125.004641 0.000000e+00
      1500   0.800438   8.432888 134.926212 0.000000e+00
      1548   0.897872   8.262827 132.205238 0.000000e+00
      1596   1.010075   8.049614 128.793818 0.000000e+00
      1644   1.105370   8.039477 128.631633 0.000000e+00
      1692   1.167924   8.295003 132.720041 0.000000e+00
      1740   1.293199   8.147276 130.356422 0.000000e+00
      1788   1.386668   8.244417 131.910672 0.000000e+00
      1836   1.514858   8.171015 130.736242 0.000000e+00
      1884   1.700218   7.866254 125.860068 0.000000e+00
      1932   1.749153   8.245626 131.930017 0.000000e+00
      1980   1.784691   8.698863 139.181806 0.000000e+00
