 Dimension       Time    Gflop/s       GB/s        Error
        28   0.091748  21.798919 348.782696 0.000000e+00
        56   0.097306  20.556496 328.903928 0.000000e+00
        84   0.101552  19.703805 315.260883 0.000000e+00
       112   0.106210  18.836468 301.383484 0.000000e+00
       140   0.103436  19.365773 309.852363 0.000000e+00
       168   0.116224  17.216529 275.464464 0.000000e+00
       196   0.116856  17.139542 274.232668 0.000000e+00
       224   0.107874  18.545959 296.735339 0.000000e+00
       252   0.108376  18.605487 297.687800 0.000000e+00
       280   0.106952  18.883052 302.128839 0.000000e+00
       308   0.116330  17.581678 281.306852 0.000000e+00
       336   0.104880  19.530843 312.493484 0.000000e+00
       364   0.111427  18.178659 290.858538 0.000000e+00
       392   0.111520  18.364722 293.835551 0.000000e+00
       420   0.112070  18.510481 296.167689 0.000000e+00
       448   0.120713  17.876875 286.029998 0.000000e+00
       476   0.114892  18.774135 300.386156 0.000000e+00
       504   0.115996  17.659085 282.545365 0.000000e+00
       532   0.115877  18.191460 291.063365 0.000000e+00
       560   0.114818  18.354163 293.666614 0.000000e+00
       588   0.113978  17.836616 285.385861 0.000000e+00
       616   0.144081  16.223136 259.570182 0.000000e+00
       644   0.132233  16.158749 258.539986 0.000000e+00
       672   0.149824  16.203794 259.260701 0.000000e+00
       700   0.131946  15.597302 249.556826 0.000000e+00
       728   0.146069  15.848459 253.575341 0.000000e+00
       756   0.175004  14.813917 237.022669 0.000000e+00
       784   0.197185  14.663077 234.609236 0.000000e+00
       812   0.147041  14.564281 233.028491 0.000000e+00
       840   0.156215  15.176632 242.826107 0.000000e+00
       868   0.170284  15.361878 245.790043 0.000000e+00
       896   0.177906  16.173088 258.769400 0.000000e+00
       924   0.214138  14.736121 235.777935 0.000000e+00
       952   0.223662  15.430486 246.887775 0.000000e+00
       980   0.257007  14.648481 234.375695 0.000000e+00
      1008   0.136491  15.007440 240.119043 0.000000e+00
      1036   0.153280  14.508504 232.136066 0.000000e+00
      1064   0.167777  14.358960 229.743353 0.000000e+00
      1092   0.185675  14.026351 224.421621 0.000000e+00
      1120   0.191646  14.661714 234.587432 0.000000e+00
      1148   0.208823  14.490319 231.845108 0.000000e+00
      1176   0.220443  14.755552 236.088827 0.000000e+00
      1204   0.229716  15.195619 243.129906 0.000000e+00
      1232   0.249538  14.987400 239.798401 0.000000e+00
      1260   0.269052  14.869804 237.916864 0.000000e+00
      1288   0.266995  16.005674 256.090785 0.000000e+00
      1316   0.288311  15.810194 252.963107 0.000000e+00
      1344   0.302024  16.076298 257.220775 0.000000e+00
      1372   0.341327  15.132888 242.126206 0.000000e+00
      1400   0.337808  16.245929 259.934868 0.000000e+00
      1428   0.358469  16.246638 259.946205 0.000000e+00
      1456   0.395739  15.599290 249.588639 0.000000e+00
      1484   0.432305  15.119633 241.914122 0.000000e+00
      1512   0.453486  15.244785 243.916554 0.000000e+00
      1540   0.483767  15.099284 241.588552 0.000000e+00
      1568   0.510975  15.089280 241.428481 0.000000e+00
      1596   0.522856  15.550588 248.809405 0.000000e+00
      1624   0.619831  13.820217 221.123464 0.000000e+00
      1652   0.642860  14.026324 224.421178 0.000000e+00
      1680   0.641944  14.772719 236.363498 0.000000e+00
      1708   0.691312  14.415161 230.642577 0.000000e+00
      1736   0.688382  15.200208 243.203325 0.000000e+00
      1764   0.739454  14.846181 237.538896 0.000000e+00
      1792   1.039175  11.075291 177.204659 0.000000e+00
      1820   0.735760  16.387317 262.197080 0.000000e+00
      1848   0.776516  16.254936 260.078976 0.000000e+00
      1876   0.883476  14.946295 239.140717 0.000000e+00
      1904   0.868197  15.900557 254.408917 0.000000e+00
      1932   0.932210  15.471686 247.546981 0.000000e+00
      1960   0.961706  15.658711 250.539382 0.000000e+00
      1988   1.005261  15.631489 250.103822 0.000000e+00
