 Dimension       Time    Gflop/s       GB/s        Error
        20   0.121930  16.403053 262.448841 0.000000e+00
        60   0.140766  14.209093 227.345485 0.000000e+00
       100   0.118583  16.882661 270.122581 0.000000e+00
       140   0.119098  16.819034 269.104539 0.000000e+00
       180   0.122717  16.348235 261.571761 0.000000e+00
       220   0.126882  15.777040 252.432644 0.000000e+00
       260   0.208874   9.592706 153.483296 0.000000e+00
       300   0.140080  14.648762 234.380187 0.000000e+00
       340   0.133623  15.295308 244.724928 0.000000e+00
       380   0.132348  15.754961 252.079376 0.000000e+00
       420   0.132308  15.679016 250.864262 0.000000e+00
       460   0.135341  15.822197 253.155156 0.000000e+00
       500   0.150163  14.983738 239.739802 0.000000e+00
       540   0.142978  15.418482 246.695711 0.000000e+00
       580   0.148251  15.793086 252.689381 0.000000e+00
       620   0.150675  15.817334 253.077348 0.000000e+00
       660   0.145143  15.846210 253.539355 0.000000e+00
       700   0.132747  15.503128 248.050056 0.000000e+00
       740   0.162470  14.964917 239.438664 0.000000e+00
       780   0.177958  15.999928 255.998849 0.000000e+00
       820   0.144786  15.232644 243.722296 0.000000e+00
       860   0.169484  15.011624 240.185977 0.000000e+00
       900   0.196477  14.841447 237.463151 0.000000e+00
       940   0.225045  14.762992 236.207868 0.000000e+00
       980   0.255252  14.749215 235.987434 0.000000e+00
      1020   0.139973  15.163049 242.608791 0.000000e+00
      1060   0.163954  14.528660 232.458568 0.000000e+00
      1100   0.186121  14.302554 228.840870 0.000000e+00
      1140   0.206706  14.334822 229.357153 0.000000e+00
      1180   0.240862  13.642921 218.286738 0.000000e+00
      1220   0.261731  13.875682 222.010904 0.000000e+00
      1260   0.289952  13.797995 220.767914 0.000000e+00
      1300   0.314153  13.986802 223.788832 0.000000e+00
      1340   0.349472  13.769954 220.319271 0.000000e+00
      1380   0.382432  13.744000 219.903999 0.000000e+00
      1420   0.387787  14.767312 236.276990 0.000000e+00
      1460   0.418346  14.878305 238.052882 0.000000e+00
      1500   0.453345  14.889326 238.229216 0.000000e+00
      1540   0.501611  14.562125 232.994003 0.000000e+00
      1580   0.580267  13.594825 217.517193 0.000000e+00
      1620   0.658940  12.904151 206.466414 0.000000e+00
      1660   0.686244  13.331408 213.302526 0.000000e+00
      1700   0.728634  13.485516 215.768254 0.000000e+00
      1740   0.754691  13.960739 223.371818 0.000000e+00
      1780   0.801494  14.073095 225.169520 0.000000e+00
      1820   0.872898  13.812768 221.004285 0.000000e+00
      1860   0.942255  13.658414 218.534631 0.000000e+00
      1900   1.028636  13.336106 213.377695 0.000000e+00
      1940   1.066646  13.690360 219.045764 0.000000e+00
      1980   1.165215  13.323539 213.176631 0.000000e+00
