 Dimension       Time    Gflop/s       GB/s        Error
        24   0.101777  19.650815 314.413044 0.000000e+00
        72   0.108085  18.509609 296.153750 0.000000e+00
       120   0.124854  16.026886 256.430172 0.000000e+00
       168   0.124368  16.089096 257.425538 0.000000e+00
       216   0.111936  18.006223 288.099571 0.000000e+00
       264   0.229383   8.823567 141.177071 0.000000e+00
       312   0.127697  15.697424 251.158781 0.000000e+00
       360   0.212852   9.644561 154.312969 0.000000e+00
       408   0.143372  14.211467 227.383474 0.000000e+00
       456   0.125734  16.590744 265.451902 0.000000e+00
       504   0.127126  16.113068 257.809085 0.000000e+00
       552   0.126241  15.988119 255.809900 0.000000e+00
       600   0.136784  15.791355 252.661684 0.000000e+00
       648   0.152570  14.267434 228.278937 0.000000e+00
       696   0.144972  13.953923 223.262775 0.000000e+00
       744   0.178264  13.861355 221.781676 0.000000e+00
       792   0.218204  13.660396 218.566337 0.000000e+00
       840   0.173378  13.674300 218.788805 0.000000e+00
       888   0.207715  13.484368 215.749895 0.000000e+00
       936   0.235334  13.938101 223.009612 0.000000e+00
       984   0.281516  13.537612 216.601785 0.000000e+00
      1032   0.165120  13.312808 213.004929 0.000000e+00
      1080   0.165971  15.179905 242.878479 0.000000e+00
      1128   0.211823  13.551394 216.822305 0.000000e+00
      1176   0.255026  12.754614 204.073829 0.000000e+00
      1224   0.306121  11.980663 191.690603 0.000000e+00
      1272   0.310915  13.238844 211.821508 0.000000e+00
      1320   0.325365  14.137767 226.204273 0.000000e+00
      1368   0.386343  13.253039 212.048619 0.000000e+00
      1416   0.435530  13.037721 208.603535 0.000000e+00
      1464   0.489113  12.830508 205.288124 0.000000e+00
      1512   0.834453   8.284833 132.557325 0.000000e+00
      1560   0.535752  14.172299 226.756788 0.000000e+00
      1608   0.598551  13.892712 222.283396 0.000000e+00
      1656   0.681597  13.325492 213.207875 0.000000e+00
      1704   0.667499  14.824772 237.196349 0.000000e+00
      1752   0.765115  14.057413 224.918613 0.000000e+00
      1800   0.854114  13.656257 218.500107 0.000000e+00
      1848   0.868513  14.533144 232.530302 0.000000e+00
      1896   0.994771  13.703203 219.251251 0.000000e+00
      1944   1.036774  14.172118 226.753890 0.000000e+00
      1992   1.117660  14.144517 226.312278 0.000000e+00
