 Dimension       Time    Gflop/s       GB/s        Error
        32   0.093978  21.281780 340.508482 0.000000e+00
        64   0.101956  19.617862 313.885789 0.000000e+00
        96   0.112783  17.744423 283.910771 0.000000e+00
       128   0.118587  16.871072 269.937144 0.000000e+00
       160   0.103334  19.422786 310.764577 0.000000e+00
       192   0.112787  17.822347 285.157559 0.000000e+00
       224   0.149050  13.422441 214.759051 0.000000e+00
       256   0.169569  11.872877 189.966030 0.000000e+00
       288   0.103685  19.352629 309.642070 0.000000e+00
       320   0.117327  17.315859 277.053736 0.000000e+00
       352   0.107986  18.578865 297.261835 0.000000e+00
       384   0.124396  16.386595 262.185514 0.000000e+00
       416   0.107670  18.721580 299.545284 0.000000e+00
       448   0.123062  17.535613 280.569814 0.000000e+00
       480   0.127156  17.394642 278.314265 0.000000e+00
       512   0.195087  11.007837 176.125388 0.000000e+00
       544   0.125858  17.907912 286.526587 0.000000e+00
       576   0.136891  16.752300 268.036796 0.000000e+00
       608   0.137119  16.391313 262.261002 0.000000e+00
       640   0.130786  16.034952 256.559227 0.000000e+00
       672   0.150607  16.119497 257.911957 0.000000e+00
       704   0.132770  15.767686 252.282977 0.000000e+00
       736   0.151401  15.799927 252.798837 0.000000e+00
       768   0.222303  12.226141 195.618252 0.000000e+00
       800   0.125416  16.329655 261.274479 0.000000e+00
       832   0.147250  15.644925 250.318801 0.000000e+00
       864   0.163269  15.801499 252.823982 0.000000e+00
       896   0.190947  15.068572 241.097148 0.000000e+00
       928   0.194901  16.401754 262.428067 0.000000e+00
       960   0.233635  15.147345 242.357528 0.000000e+00
       992   0.256443  15.226667 243.626664 0.000000e+00
      1024   0.203711  10.541794 168.668707 0.000000e+00
      1056   0.146776  16.046052 256.736824 0.000000e+00
      1088   0.168776  15.261826 244.189221 0.000000e+00
      1120   0.179026  15.695266 251.124258 0.000000e+00
      1152   0.214972  14.223463 227.575401 0.000000e+00
      1184   0.211875  15.667712 250.683399 0.000000e+00
      1216   0.232708  15.453255 247.252077 0.000000e+00
      1248   0.251326  15.468071 247.489138 0.000000e+00
      1280   0.345312  12.146429 194.342862 0.000000e+00
      1312   0.279331  16.170105 258.721675 0.000000e+00
      1344   0.333685  14.550951 232.815216 0.000000e+00
      1376   0.358963  14.515637 232.250190 0.000000e+00
      1408   0.395931  14.099982 225.599714 0.000000e+00
      1440   0.375976  15.883895 254.142317 0.000000e+00
      1472   0.403436  15.811696 252.987135 0.000000e+00
      1504   0.427414  15.919344 254.709504 0.000000e+00
      1536   0.688697  10.523865 168.381838 0.000000e+00
      1568   0.498379  15.470655 247.530478 0.000000e+00
      1600   0.543853  15.062888 241.006213 0.000000e+00
      1632   0.636131  13.666070 218.657112 0.000000e+00
      1664   0.655231  14.063573 225.017161 0.000000e+00
      1696   0.625673  15.594101 249.505611 0.000000e+00
      1728   0.654356  15.770560 252.328964 0.000000e+00
      1760   0.698372  15.612814 249.805021 0.000000e+00
      1792   0.968683  11.881255 190.100087 0.000000e+00
      1824   0.771534  15.730752 251.692032 0.000000e+00
      1856   0.837457  15.268677 244.298824 0.000000e+00
      1888   0.875623  15.371583 245.945335 0.000000e+00
      1920   0.963373  14.693969 235.103505 0.000000e+00
      1952   0.929722  15.999869 255.997901 0.000000e+00
      1984   0.964313  16.197086 259.153376 0.000000e+00
