 Dimension       Time    Gflop/s       GB/s        Error
        36   0.085021  23.524292 376.388670 0.000000e+00
        72   0.089115  22.449773 359.196369 0.000000e+00
       108   0.092861  21.542095 344.673523 0.000000e+00
       144   0.090673  22.064075 353.025205 0.000000e+00
       180   0.095830  20.935029 334.960461 0.000000e+00
       216   0.158378  12.726131 203.618098 0.000000e+00
       252   0.097690  20.640588 330.249402 0.000000e+00
       288   0.098738  20.322197 325.155157 0.000000e+00
       324   0.100580  20.289594 324.633502 0.000000e+00
       360   0.097343  21.088866 337.421851 0.000000e+00
       396   0.110673  19.077645 305.242314 0.000000e+00
       432   0.100822  20.790729 332.651659 0.000000e+00
       468   0.107346  19.097727 305.563638 0.000000e+00
       504   0.106094  19.307193 308.915083 0.000000e+00
       540   0.115039  19.162998 306.607974 0.000000e+00
       576   0.124917  18.358105 293.729678 0.000000e+00
       612   0.124726  18.377915 294.046632 0.000000e+00
       648   0.124799  17.442250 279.076000 0.000000e+00
       684   0.153648  16.662217 266.595477 0.000000e+00
       720   0.131489  17.031752 272.508027 0.000000e+00
       756   0.149328  17.361038 277.776603 0.000000e+00
       792   0.169438  17.592052 281.472826 0.000000e+00
       828   0.131288  17.295268 276.724286 0.000000e+00
       864   0.159710  16.153612 258.457795 0.000000e+00
       900   0.163185  17.869257 285.908106 0.000000e+00
       936   0.185018  17.728602 283.657635 0.000000e+00
       972   0.216335  16.979778 271.676442 0.000000e+00
      1008   0.121476  16.862536 269.800580 0.000000e+00
      1044   0.131486  17.308269 276.932300 0.000000e+00
      1080   0.147094  17.127940 274.047034 0.000000e+00
      1116   0.173170  16.052786 256.844581 0.000000e+00
      1152   0.218763  13.976993 223.631895 0.000000e+00
      1188   0.213902  15.677055 250.832874 0.000000e+00
      1224   0.217751  16.842800 269.484799 0.000000e+00
      1260   0.224827  17.794794 284.716709 0.000000e+00
      1296   0.266424  16.340713 261.451409 0.000000e+00
      1332   0.259367  18.223360 291.573759 0.000000e+00
      1368   0.369065  13.873495 221.975928 0.000000e+00
      1404   0.340620  16.250297 260.004751 0.000000e+00
      1440   0.342913  17.415393 278.646281 0.000000e+00
      1476   0.372284  17.274848 276.397565 0.000000e+00
      1512   0.408761  16.912820 270.605117 0.000000e+00
      1548   0.455729  16.279318 260.469083 0.000000e+00
      1584   0.462585  17.183205 274.931279 0.000000e+00
      1620   0.570728  14.898622 238.377945 0.000000e+00
      1656   0.600201  15.132628 242.122045 0.000000e+00
      1692   0.565459  17.132878 274.126056 0.000000e+00
      1728   0.631234  16.348236 261.571774 0.000000e+00
      1764   0.614072  17.877483 286.039727 0.000000e+00
      1800   0.689310  16.921267 270.740266 0.000000e+00
      1836   0.694065  17.833974 285.343586 0.000000e+00
      1872   0.737779  17.783659 284.538544 0.000000e+00
      1908   0.803529  17.288742 276.619869 0.000000e+00
      1944   0.872171  16.846787 269.548592 0.000000e+00
      1980   0.873248  17.778205 284.451285 0.000000e+00
