 Dimension       Time    Gflop/s       GB/s        Error
        48   0.082861  24.138822 386.221149 0.000000e+00
        96   0.087753  22.805774 364.892389 0.000000e+00
       144   0.092468  21.635787 346.172589 0.000000e+00
       192   0.111480  18.031218 288.499489 0.000000e+00
       240   0.090789  22.230637 355.690197 0.000000e+00
       288   0.106111  18.910192 302.563068 0.000000e+00
       336   0.152714  13.413202 214.611227 0.000000e+00
       384   0.137101  14.868081 237.889296 0.000000e+00
       432   0.099878  20.987233 335.795729 0.000000e+00
       480   0.101059  21.886577 350.185238 0.000000e+00
       528   0.095075  21.675127 346.802025 0.000000e+00
       576   0.119327  19.218047 307.488749 0.000000e+00
       624   0.122085  19.901759 318.428143 0.000000e+00
       672   0.119320  20.346225 325.539593 0.000000e+00
       720   0.107245  20.882000 334.112000 0.000000e+00
       768   0.183364  14.822454 237.159272 0.000000e+00
       816   0.121643  17.866718 285.867482 0.000000e+00
       864   0.140258  18.393916 294.302654 0.000000e+00
       912   0.171997  17.641059 282.256939 0.000000e+00
       960   0.191210  18.508153 296.130453 0.000000e+00
      1008   0.103896  19.715764 315.452216 0.000000e+00
      1056   0.114095  20.642250 330.276006 0.000000e+00
      1104   0.138149  19.480051 311.680823 0.000000e+00
      1152   0.204576  14.946260 239.140163 0.000000e+00
      1200   0.180148  19.184248 306.947962 0.000000e+00
      1248   0.193976  20.041283 320.660534 0.000000e+00
      1296   0.230403  18.895401 302.326419 0.000000e+00
      1344   0.275357  17.633248 282.131965 0.000000e+00
      1392   0.279290  19.314859 309.037741 0.000000e+00
      1440   0.299905  19.912833 318.605321 0.000000e+00
      1488   0.362369  18.183925 290.942800 0.000000e+00
      1536   0.550461  13.166714 210.667425 0.000000e+00
      1584   0.422651  18.806731 300.907700 0.000000e+00
      1632   0.501578  17.332118 277.313885 0.000000e+00
      1680   0.508344  18.655199 298.483182 0.000000e+00
      1728   0.595110  17.340585 277.449359 0.000000e+00
      1776   0.574616  19.497614 311.961824 0.000000e+00
      1824   0.731252  16.597311 265.556973 0.000000e+00
      1872   0.729849  17.976878 287.630050 0.000000e+00
      1920   0.982710  14.404840 230.477440 0.000000e+00
      1968   0.800568  19.041751 304.668021 0.000000e+00
