 Dimension       Time    Gflop/s       GB/s        Error
        40   0.077119  25.935505 414.968082 0.000000e+00
        80   0.083545  23.950005 383.200083 0.000000e+00
       120   0.086646  23.094326 369.509208 0.000000e+00
       160   0.084719  23.690693 379.051093 0.000000e+00
       200   0.092330  21.834818 349.357086 0.000000e+00
       240   0.086378  23.365896 373.854329 0.000000e+00
       280   0.085727  23.558209 376.931343 0.000000e+00
       320   0.095206  21.339114 341.425832 0.000000e+00
       360   0.086201  23.814768 381.036295 0.000000e+00
       400   0.086054  23.798955 380.783274 0.000000e+00
       440   0.093629  21.835193 349.363085 0.000000e+00
       480   0.102453  21.588868 345.421892 0.000000e+00
       520   0.104875  21.451539 343.224623 0.000000e+00
       560   0.101741  20.713220 331.411520 0.000000e+00
       600   0.099219  21.770068 348.321084 0.000000e+00
       640   0.134662  15.573485 249.175764 0.000000e+00
       680   0.125019  20.120574 321.929177 0.000000e+00
       720   0.109244  20.499909 327.998550 0.000000e+00
       760   0.131273  20.063912 321.022599 0.000000e+00
       800   0.101523  20.172848 322.765571 0.000000e+00
       840   0.120767  19.631307 314.100910 0.000000e+00
       880   0.133078  20.483432 327.734910 0.000000e+00
       920   0.158098  19.701363 315.221808 0.000000e+00
       960   0.175519  20.162717 322.603476 0.000000e+00
      1000   0.199607  20.039418 320.630681 0.000000e+00
      1040   0.111826  20.118040 321.888642 0.000000e+00
      1080   0.128910  19.544069 312.705106 0.000000e+00
      1120   0.148625  18.905624 302.489992 0.000000e+00
      1160   0.169075  18.464003 295.424041 0.000000e+00
      1200   0.173695  19.896934 318.350949 0.000000e+00
      1240   0.184882  20.625296 330.004733 0.000000e+00
      1280   0.307882  13.623103 217.969642 0.000000e+00
      1320   0.226073  20.347100 325.553597 0.000000e+00
      1360   0.296456  16.970187 271.522989 0.000000e+00
      1400   0.272948  20.106394 321.702302 0.000000e+00
      1440   0.288419  20.705840 331.293439 0.000000e+00
      1480   0.342883  18.909005 302.544083 0.000000e+00
      1520   0.358829  19.573708 313.179327 0.000000e+00
      1560   0.388192  19.559476 312.951612 0.000000e+00
      1600   0.422658  19.382096 310.113541 0.000000e+00
      1640   0.529358  16.665249 266.643988 0.000000e+00
      1680   0.464875  20.399582 326.393317 0.000000e+00
      1720   0.514933  19.763542 316.216671 0.000000e+00
      1760   0.538635  20.242940 323.887042 0.000000e+00
      1800   0.600854  19.412386 310.598174 0.000000e+00
      1840   0.622146  20.025872 320.413948 0.000000e+00
      1880   0.712987  18.638961 298.223368 0.000000e+00
      1920   0.933607  15.162451 242.599208 0.000000e+00
      1960   0.753848  19.976266 319.620252 0.000000e+00
