 Dimension       Time    Gflop/s       GB/s        Error
        44   0.075437  26.513643 424.218294 0.000000e+00
        88   0.082160  24.352386 389.638179 0.000000e+00
       132   0.087992  22.740517 363.848264 0.000000e+00
       176   0.106815  18.782525 300.520406 0.000000e+00
       220   0.102513  19.527552 312.440827 0.000000e+00
       264   0.140044  14.452410 231.238558 0.000000e+00
       308   0.121581  16.822251 269.156024 0.000000e+00
       352   0.093021  21.567749 345.083982 0.000000e+00
       396   0.087807  24.045694 384.731102 0.000000e+00
       440   0.136292  15.000286 240.004578 0.000000e+00
       484   0.091311  22.350434 357.606949 0.000000e+00
       528   0.093606  22.015376 352.246023 0.000000e+00
       572   0.101204  22.190777 355.052435 0.000000e+00
       616   0.116735  20.023617 320.377877 0.000000e+00
       660   0.106474  21.601177 345.618826 0.000000e+00
       704   0.100068  20.920698 334.731174 0.000000e+00
       748   0.117171  21.430696 342.891138 0.000000e+00
       792   0.141172  21.114435 337.830955 0.000000e+00
       836   0.114406  20.428178 326.850855 0.000000e+00
       880   0.131351  20.752717 332.043465 0.000000e+00
       924   0.162250  19.448728 311.179646 0.000000e+00
       968   0.181408  19.999983 319.999729 0.000000e+00
      1012   0.102505  20.222170 323.554718 0.000000e+00
      1056   0.122495  19.226640 307.626235 0.000000e+00
      1100   0.139679  19.058038 304.928600 0.000000e+00
      1144   0.148325  20.187979 323.007656 0.000000e+00
      1188   0.170254  19.696145 315.138317 0.000000e+00
      1232   0.187461  19.950349 319.205582 0.000000e+00
      1276   0.197541  21.034172 336.546759 0.000000e+00
      1320   0.231398  19.878875 318.062007 0.000000e+00
      1364   0.425992  11.914386 190.630175 0.000000e+00
      1408   0.387476  14.407650 230.522401 0.000000e+00
      1452   0.309459  19.784549 316.552792 0.000000e+00
      1496   0.355523  18.834645 301.354321 0.000000e+00
      1540   0.503181  14.516709 232.267350 0.000000e+00
      1584   0.420372  18.908717 302.539468 0.000000e+00
      1628   0.484851  17.798547 284.776748 0.000000e+00
      1672   0.483615  19.330332 309.285318 0.000000e+00
      1716   0.484631  20.853089 333.649416 0.000000e+00
      1760   0.578058  18.862371 301.797936 0.000000e+00
      1804   0.603548  19.454852 311.277627 0.000000e+00
      1848   0.611498  20.641491 330.263859 0.000000e+00
      1892   0.666792  20.314357 325.029709 0.000000e+00
      1936   0.741201  19.579874 313.277976 0.000000e+00
      1980   0.837127  18.545315 296.725042 0.000000e+00
