 Dimension       Time    Gflop/s       GB/s        Error
         4   0.276981   7.220712 115.531398 0.000000e+00
        52   0.221038   9.048259 144.772146 0.000000e+00
       100   0.263141   7.608080 121.729276 0.000000e+00
       148   0.249482   8.030365 128.485837 0.000000e+00
       196   0.240710   8.320621 133.129929 0.000000e+00
       244   0.241016   8.317675 133.082807 0.000000e+00
       292   0.246234   8.291159 132.658552 0.000000e+00
       340   0.249462   8.192856 131.085704 0.000000e+00
       388   0.270118   7.784752 124.556036 0.000000e+00
       436   0.250522   8.601770 137.628316 0.000000e+00
       484   0.248206   8.222360 131.557761 0.000000e+00
       532   0.257635   8.181964 130.911424 0.000000e+00
       580   0.299454   7.818705 125.099277 0.000000e+00
       628   0.311334   7.955234 127.283738 0.000000e+00
       676   0.328283   7.528029 120.448464 0.000000e+00
       724   0.309307   7.361677 117.786838 0.000000e+00
       772   0.349967   7.888164 126.210624 0.000000e+00
       820   0.283885   7.768884 124.302146 0.000000e+00
       868   0.313991   8.331098 133.297568 0.000000e+00
       916   0.379130   8.108823 129.741163 0.000000e+00
       964   0.469833   7.626900 122.030396 0.000000e+00
      1012   0.273508   7.578827 121.261227 0.000000e+00
      1060   0.314289   7.579123 121.265970 0.000000e+00
      1108   0.335455   8.109888 129.758214 0.000000e+00
      1156   0.387291   7.977493 127.639887 0.000000e+00
      1204   0.449664   7.762847 124.205558 0.000000e+00
      1252   0.488526   8.034429 128.550869 0.000000e+00
      1300   0.551170   7.972129 127.554066 0.000000e+00
      1348   0.673094   7.278204 116.451260 0.000000e+00
      1396   0.732429   7.428833 118.861329 0.000000e+00
      1444   0.802452   7.504341 120.069457 0.000000e+00
      1492   0.872318   7.614859 121.837748 0.000000e+00
      1540   0.993175   7.354727 117.675631 0.000000e+00
      1588   0.996313   8.038698 128.619162 0.000000e+00
      1636   1.115641   7.849743 125.595885 0.000000e+00
      1684   1.283538   7.441276 119.060410 0.000000e+00
      1732   1.384582   7.505073 120.081175 0.000000e+00
      1780   1.510286   7.468455 119.495282 0.000000e+00
      1828   1.632089   7.485394 119.766301 0.000000e+00
      1876   1.737030   7.601882 121.630106 0.000000e+00
      1924   2.166814   6.573906 105.182500 0.000000e+00
      1972   2.138245   7.172876 114.766016 0.000000e+00
