 Dimension       Time    Gflop/s       GB/s        Error
        56   0.085360  23.433187 374.930997 0.000000e+00
       112   0.086335  23.172647 370.762360 0.000000e+00
       168   0.081993  24.404022 390.464345 0.000000e+00
       224   0.106353  18.811105 300.977683 0.000000e+00
       280   0.103990  19.421019 310.736304 0.000000e+00
       336   0.109495  18.707516 299.320248 0.000000e+00
       392   0.086030  23.806125 380.898000 0.000000e+00
       448   0.098984  21.801216 348.819460 0.000000e+00
       504   0.093256  21.965253 351.444045 0.000000e+00
       560   0.102016  20.657445 330.519124 0.000000e+00
       616   0.165460  14.127007 226.032115 0.000000e+00
       672   0.127434  19.050708 304.811333 0.000000e+00
       728   0.108844  21.268619 340.297910 0.000000e+00
       784   0.141921  20.372868 325.965882 0.000000e+00
       840   0.124232  19.083748 305.339968 0.000000e+00
       896   0.177959  16.168253 258.692043 0.000000e+00
       952   0.162127  21.287011 340.592177 0.000000e+00
      1008   0.104831  19.539804 312.636866 0.000000e+00
      1064   0.112503  21.413635 342.618155 0.000000e+00
      1120   0.142380  19.734893 315.758284 0.000000e+00
      1176   0.167146  19.460624 311.369977 0.000000e+00
      1232   0.181927  20.557236 328.915777 0.000000e+00
      1288   0.224033  19.075037 305.200597 0.000000e+00
      1344   0.252891  19.199707 307.195311 0.000000e+00
      1400   0.274231  20.012355 320.197673 0.000000e+00
      1456   0.310643  19.872483 317.959725 0.000000e+00
      1512   0.350454  19.726701 315.627223 0.000000e+00
      1568   0.421294  18.301332 292.821306 0.000000e+00
      1624   0.443342  19.321885 309.150157 0.000000e+00
      1680   0.504907  18.782196 300.515132 0.000000e+00
      1736   0.583600  17.929328 286.869256 0.000000e+00
      1792   0.769008  14.966248 239.459963 0.000000e+00
      1848   0.741568  17.020987 272.335792 0.000000e+00
      1904   0.768299  17.968039 287.488618 0.000000e+00
      1960   0.879340  17.125434 274.006939 0.000000e+00
