 Dimension       Time    Gflop/s       GB/s        Error
        52   0.086231  23.193583 371.097331 0.000000e+00
       104   0.084026  23.802396 380.838330 0.000000e+00
       156   0.098270  20.397982 326.367711 0.000000e+00
       208   0.104777  19.238483 307.815725 0.000000e+00
       260   0.171938  11.653444 186.455101 0.000000e+00
       312   0.110840  18.084630 289.354084 0.000000e+00
       364   0.093968  21.556216 344.899461 0.000000e+00
       416   0.090746  22.213121 355.409930 0.000000e+00
       468   0.094022  21.804049 348.864781 0.000000e+00
       520   0.116307  19.342998 309.487968 0.000000e+00
       572   0.108069  20.781103 332.497653 0.000000e+00
       624   0.121797  19.948851 319.181619 0.000000e+00
       676   0.126227  19.578459 313.255341 0.000000e+00
       728   0.115284  20.080515 321.288238 0.000000e+00
       780   0.158350  17.981164 287.698632 0.000000e+00
       832   0.121508  18.959375 303.350006 0.000000e+00
       884   0.141435  19.537077 312.593229 0.000000e+00
       936   0.170727  19.212575 307.401205 0.000000e+00
       988   0.209463  18.417196 294.675133 0.000000e+00
      1040   0.125324  17.951266 287.220250 0.000000e+00
      1092   0.129379  20.129490 322.071845 0.000000e+00
      1144   0.157558  19.005037 304.080587 0.000000e+00
      1196   0.219093  15.616907 249.870517 0.000000e+00
      1248   0.197759  19.657897 314.526352 0.000000e+00
      1300   0.221156  19.868364 317.893827 0.000000e+00
      1352   0.280329  17.631613 282.105807 0.000000e+00
      1404   0.285997  19.353940 309.663037 0.000000e+00
      1456   0.331922  18.598535 297.576560 0.000000e+00
      1508   0.344649  19.900203 318.403244 0.000000e+00
      1560   0.423071  17.946966 287.151461 0.000000e+00
      1612   0.439634  19.056109 304.897746 0.000000e+00
      1664   0.653526  14.100257 225.604110 0.000000e+00
      1716   0.572627  17.648600 282.377595 0.000000e+00
      1768   0.654199  16.895349 270.325584 0.000000e+00
      1820   0.906062  13.307181 212.914890 0.000000e+00
      1872   0.787162  16.668001 266.688017 0.000000e+00
      1924   0.788090  18.074619 289.193911 0.000000e+00
      1976   0.940623  16.404957 262.479305 0.000000e+00
