 Dimension       Time    Gflop/s       GB/s        Error
        60   0.089309  22.395826 358.333212 0.000000e+00
       120   0.089562  22.342383 357.478121 0.000000e+00
       180   0.123088  16.298960 260.783358 0.000000e+00
       240   0.124993  16.147336 258.357380 0.000000e+00
       300   0.180878  11.344682 181.514913 0.000000e+00
       360   0.116282  17.654246 282.467940 0.000000e+00
       420   0.113012  18.356139 293.698227 0.000000e+00
       480   0.106849  20.700557 331.208908 0.000000e+00
       540   0.110261  19.993488 319.895811 0.000000e+00
       600   0.118050  18.297270 292.756314 0.000000e+00
       660   0.124300  18.503422 296.054758 0.000000e+00
       720   0.121444  18.440484 295.047746 0.000000e+00
       780   0.167757  16.972826 271.565209 0.000000e+00
       840   0.139047  17.050477 272.807635 0.000000e+00
       900   0.165280  17.642777 282.284437 0.000000e+00
       960   0.204728  17.286043 276.576694 0.000000e+00
      1020   0.163267  12.999647 207.994355 0.000000e+00
      1080   0.139742  18.029059 288.464947 0.000000e+00
      1140   0.180798  16.388970 262.223513 0.000000e+00
      1200   0.186044  18.576221 297.219533 0.000000e+00
      1260   0.269350  14.853358 237.653729 0.000000e+00
      1320   0.257928  17.834207 285.347312 0.000000e+00
      1380   0.318152  16.520858 264.333727 0.000000e+00
      1440   0.352259  16.953368 271.253889 0.000000e+00
      1500   0.388443  17.377089 278.033428 0.000000e+00
      1560   0.435712  17.426275 278.820403 0.000000e+00
      1620   0.492825  17.253717 276.059466 0.000000e+00
      1680   0.524692  18.073960 289.183359 0.000000e+00
      1740   0.748691  14.072620 225.161917 0.000000e+00
      1800   0.801821  14.546891 232.750260 0.000000e+00
      1860   0.926869  13.885145 222.162323 0.000000e+00
      1920   1.034871  13.678779 218.860467 0.000000e+00
      1980   1.116480  13.905117 222.481877 0.000000e+00
