 Dimension       Time    Gflop/s       GB/s        Error
        64   0.094160  21.242195 339.875122 0.000000e+00
       128   0.143218  13.969514 223.512218 0.000000e+00
       192   0.114634  17.535129 280.562059 0.000000e+00
       256   0.122575  16.424781 262.796500 0.000000e+00
       320   0.154584  13.142481 210.279699 0.000000e+00
       384   0.130986  15.562246 248.995943 0.000000e+00
       448   0.163446  13.202966 211.247463 0.000000e+00
       512   0.159546  13.459940 215.359042 0.000000e+00
       576   0.135393  16.937624 271.001982 0.000000e+00
       640   0.146421  14.322725 229.163598 0.000000e+00
       704   0.134227  15.596556 249.544889 0.000000e+00
       768   0.205000  13.258112 212.129793 0.000000e+00
       832   0.158045  14.576383 233.222122 0.000000e+00
       896   0.221190  13.008263 208.132212 0.000000e+00
       960   0.217065  16.303584 260.857345 0.000000e+00
      1024   0.268579   7.995727 127.931637 0.000000e+00
      1088   0.160195  16.079332 257.269308 0.000000e+00
      1152   0.220587  13.861420 221.782716 0.000000e+00
      1216   0.222132  16.189006 259.024094 0.000000e+00
      1280   0.304262  13.785167 220.562679 0.000000e+00
      1344   0.307178  15.806562 252.904987 0.000000e+00
      1408   0.402125  13.882784 222.124542 0.000000e+00
      1472   0.404982  15.751359 252.021742 0.000000e+00
      1536   0.564196  12.846181 205.538890 0.000000e+00
      1600   0.512896  15.972049 255.552783 0.000000e+00
      1664   0.648840  14.202088 227.233415 0.000000e+00
      1728   0.640886  16.102032 257.632519 0.000000e+00
      1792   0.852725  13.496935 215.950966 0.000000e+00
      1856   0.836577  15.284738 244.555804 0.000000e+00
      1920   1.079108  13.118039 209.888630 0.000000e+00
      1984   0.996527  15.673496 250.775941 0.000000e+00
