 Dimension       Time    Gflop/s       GB/s        Error
        16   0.586333   3.411035  54.576560 0.000000e+00
        64   0.830702   2.407794  38.524702 3.776222e-09
       112   0.953726   2.097686  33.562969 7.457857e-10
       160   1.098453   1.827151  29.234418 1.091394e-10
       208   1.149121   1.754173  28.066763 6.639311e-11
       256   1.813247   1.110310  17.764955 1.682565e-11
       304   1.197701   1.688904  27.022467 1.045919e-11
       352   1.203451   1.667084  26.673337 5.229595e-12
       400   1.222852   1.674773  26.796366 3.410605e-12
       448   1.355538   1.591965  25.471442 2.046363e-12
       496   1.436672   1.528832  24.461313 1.364242e-12
       544   1.532778   1.470434  23.526948 1.364242e-12
       592   1.362529   1.522718  24.363490 7.958079e-13
       640   2.210000   0.948937  15.183000 5.684342e-13
       688   1.799214   1.448013  23.168206 4.547474e-13
       736   1.631904   1.465852  23.453627 4.547474e-13
       784   2.015061   1.434865  22.957846 4.547474e-13
       832   2.255752   1.021265  16.340244 2.842171e-13
       880   1.834193   1.486152  23.778425 2.842171e-13
       928   2.288330   1.396964  22.351432 3.410605e-13
       976   2.616030   1.421565  22.745044 3.410605e-13
      1024   2.817159   0.762287  12.196593 1.705303e-13
      1072   1.701547   1.448006  23.168097 1.705303e-13
      1120   2.448858   1.147415  18.358641 1.705303e-13
      1168   2.444515   1.303665  20.858634 2.273737e-13
      1216   3.792548   0.948199  15.171191 2.273737e-13
      1264   2.989794   1.350921  21.614734 2.842171e-13
      1312   4.152108   1.087834  17.405352 2.273737e-13
      1360   3.516719   1.430570  22.889119 2.842171e-13
      1408   6.059030   0.921372  14.741948 2.842171e-13
      1456   4.666653   1.322844  21.165504 2.273737e-13
      1504   8.898402   0.764648  12.234367 2.842171e-13
      1552   9.761095   0.765961  12.255374 2.842171e-13
      1600  13.334261   0.614357   9.829716 2.842171e-13
      1648  15.407565   0.580989   9.295818 2.842171e-13
      1696  19.706172   0.495114   7.921825 2.842171e-13
      1744  22.445283   0.472655   7.562482 2.842171e-13
      1792  26.978054   0.426612   6.825797 2.842171e-13
      1840  29.533023   0.421867   6.749872 2.842171e-13
      1888  31.449982   0.427972   6.847555 2.842171e-13
      1936  36.148353   0.401474   6.423586 3.410605e-13
      1984  40.158253   0.388938   6.223005 3.410605e-13
