 Dimension       Time    Gflop/s       GB/s        Error
        16   0.417986   4.784857  76.557706 0.000000e+00
        64   0.510952   3.914572  62.633150 0.000000e+00
       112   0.402621   4.968983  79.503731 0.000000e+00
       160   0.896095   2.239762  35.836196 0.000000e+00
       208   0.758149   2.658788  42.540600 0.000000e+00
       256   2.734231   0.736319  11.781101 0.000000e+00
       304   0.886380   2.282094  36.513497 0.000000e+00
       352   0.911254   2.201640  35.226245 0.000000e+00
       400   0.877755   2.333226  37.331623 0.000000e+00
       448   1.213736   1.777955  28.447287 0.000000e+00
       496   0.966508   2.272543  36.360682 0.000000e+00
       544   1.127755   1.998527  31.976431 0.000000e+00
       592   0.955949   2.170353  34.725650 0.000000e+00
       640   2.265840   0.925551  14.808823 0.000000e+00
       688   3.236719   0.804915  12.878647 0.000000e+00
       736   1.971572   1.213311  19.412976 0.000000e+00
       784   4.184926   0.690894  11.054310 0.000000e+00
       832   4.362341   0.528093   8.449487 0.000000e+00
       880   5.250431   0.519174   8.306787 0.000000e+00
       928   6.971946   0.458511   7.336178 0.000000e+00
       976   8.917714   0.417019   6.672305 0.000000e+00
      1024   6.202755   0.346214   5.539432 0.000000e+00
      1072   6.050770   0.407196   6.515139 0.000000e+00
      1120   6.619388   0.424489   6.791821 0.000000e+00
      1168   8.078562   0.394480   6.311672 0.000000e+00
      1216   9.250517   0.388745   6.219918 0.000000e+00
      1264  10.259951   0.393664   6.298628 0.000000e+00
      1312  11.917119   0.379018   6.064294 0.000000e+00
      1360  13.555862   0.371124   5.937992 0.000000e+00
      1408  15.383274   0.362902   5.806430 0.000000e+00
      1456  16.937333   0.364476   5.831618 0.000000e+00
      1504  18.975669   0.358572   5.737153 0.000000e+00
      1552  21.080593   0.354668   5.674692 0.000000e+00
      1600  23.106189   0.354537   5.672593 0.000000e+00
      1648  25.370088   0.352841   5.645464 0.000000e+00
      1696  28.712477   0.339811   5.436969 0.000000e+00
      1744  30.754706   0.344951   5.519222 0.000000e+00
      1792  33.163656   0.347042   5.552667 0.000000e+00
      1840  36.324364   0.342993   5.487890 0.000000e+00
      1888  39.419913   0.341445   5.463114 0.000000e+00
      1936  44.089364   0.329164   5.266623 0.000000e+00
      1984  47.673326   0.327627   5.242030 0.000000e+00
