 Dimension       Time    Gflop/s       GB/s        Error
        16   0.551917   3.623740  57.979832 0.000000e+00
        64   0.814857   2.454613  39.273811 3.776222e-09
       112   0.926091   2.160283  34.564526 7.457857e-10
       160   1.086110   1.847916  29.566655 1.091394e-10
       208   1.124948   1.791866  28.669854 6.639311e-11
       256   1.694927   1.187819  19.005102 1.682565e-11
       304   1.191761   1.697322  27.157151 1.045919e-11
       352   1.195470   1.678213  26.851405 5.229595e-12
       400   1.211405   1.690599  27.049590 3.410605e-12
       448   1.319723   1.635169  26.162697 2.046363e-12
       496   1.350339   1.626578  26.025247 1.364242e-12
       544   1.458678   1.545131  24.722097 1.364242e-12
       592   1.388098   1.494668  23.914695 7.958079e-13
       640   1.619958   1.294572  20.713146 5.684342e-13
       688   1.840547   1.415495  22.647921 4.547474e-13
       736   1.783930   1.340932  21.454917 4.547474e-13
       784   2.214203   1.305816  20.893061 4.547474e-13
       832   2.090115   1.102199  17.635178 2.842171e-13
       880   2.274046   1.198695  19.179122 2.842171e-13
       928   2.876856   1.111184  17.778938 3.410605e-13
       976   3.453541   1.076824  17.229191 3.410605e-13
      1024   4.589096   0.467954   7.487257 1.705303e-13
      1072   2.172678   1.134016  18.144251 1.705303e-13
      1120   3.243054   0.866423  13.862766 1.705303e-13
      1168   2.901901   1.098186  17.570977 2.273737e-13
      1216   3.851657   0.933648  14.938366 2.273737e-13
      1264   3.804993   1.061494  16.983898 2.842171e-13
      1312   4.437266   1.017926  16.286811 2.273737e-13
      1360   4.776444   1.053276  16.852409 2.842171e-13
      1408   6.165013   0.905532  14.488517 2.842171e-13
      1456   6.167187   1.000984  16.015739 2.273737e-13
      1504   8.987833   0.757039  12.112631 2.842171e-13
      1552  11.138995   0.671211  10.739378 2.842171e-13
      1600  13.827669   0.592435   9.478966 2.842171e-13
      1648  16.761454   0.534060   8.544958 2.842171e-13
      1696  19.600535   0.497782   7.964520 2.842171e-13
      1744  22.280267   0.476156   7.618492 2.842171e-13
      1792  29.097581   0.395537   6.328592 2.842171e-13
      1840  30.081140   0.414180   6.626881 2.842171e-13
      1888  31.687414   0.424765   6.796247 2.842171e-13
      1936  35.896859   0.404287   6.468589 3.410605e-13
      1984  41.360378   0.377633   6.042136 3.410605e-13
