 Dimension       Time    Gflop/s       GB/s        Error
        16   0.764383   2.616493  41.863883 0.000000e+00
        64   0.915982   2.183622  34.937949 0.000000e+00
       112   0.798883   2.504268  40.068285 0.000000e+00
       160   1.721414   1.165925  18.654807 0.000000e+00
       208   1.421575   1.417974  22.687581 0.000000e+00
       256   5.223660   0.385413   6.166607 0.000000e+00
       304   1.731778   1.168049  18.688786 0.000000e+00
       352   1.830426   1.096059  17.536936 0.000000e+00
       400   1.748225   1.171474  18.743585 0.000000e+00
       448   2.467386   0.874598  13.993561 0.000000e+00
       496   1.948233   1.127396  18.038343 0.000000e+00
       544   2.228380   1.011429  16.182869 0.000000e+00
       592   1.863027   1.113643  17.818290 0.000000e+00
       640   4.705776   0.445655   7.130478 0.000000e+00
       688   5.793449   0.449695   7.195120 0.000000e+00
       736   3.359727   0.712001  11.392020 0.000000e+00
       784   7.955940   0.363419   5.814708 0.000000e+00
       832   7.799768   0.295358   4.725723 0.000000e+00
       880   9.904089   0.275229   4.403657 0.000000e+00
       928  12.845627   0.248856   3.981701 0.000000e+00
       976  17.159101   0.216728   3.467647 0.000000e+00
      1024  12.078307   0.177797   2.844748 0.000000e+00
      1072  12.090712   0.203780   3.260487 0.000000e+00
      1120  12.928501   0.217338   3.477410 0.000000e+00
      1168  15.992834   0.199266   3.188255 0.000000e+00
      1216  18.278101   0.196743   3.147891 0.000000e+00
      1264  20.123583   0.200709   3.211337 0.000000e+00
      1312  23.748940   0.190190   3.043037 0.000000e+00
      1360  26.262615   0.191562   3.064988 0.000000e+00
      1408  28.950255   0.192835   3.085358 0.000000e+00
      1456  33.316406   0.185292   2.964667 0.000000e+00
      1504  37.028269   0.183755   2.940086 0.000000e+00
      1552  41.423410   0.180493   2.887881 0.000000e+00
      1600  44.621048   0.183590   2.937448 0.000000e+00
      1648  49.912140   0.179348   2.869561 0.000000e+00
      1696  54.024439   0.180600   2.889597 0.000000e+00
      1744  60.252974   0.176072   2.817156 0.000000e+00
      1792  62.370957   0.184528   2.952443 0.000000e+00
      1840  69.864924   0.178330   2.853279 0.000000e+00
      1888  75.604627   0.178028   2.848443 0.000000e+00
      1936  84.760997   0.171218   2.739492 0.000000e+00
      1984  86.838608   0.179863   2.877810 0.000000e+00
